2.270000000000000000e+02
3.070000000000000000e+02
3.730000000000000000e+02
4.510000000000000000e+02
4.900000000000000000e+02
4.970000000000000000e+02
4.950000000000000000e+02
4.930000000000000000e+02
4.990000000000000000e+02
4.940000000000000000e+02
4.960000000000000000e+02
4.980000000000000000e+02
4.910000000000000000e+02
4.520000000000000000e+02
3.780000000000000000e+02
3.120000000000000000e+02
2.310000000000000000e+02
1.010000000000000000e+02
8.800000000000000000e+01
7.500000000000000000e+01
8.100000000000000000e+01
9.400000000000000000e+01
9.000000000000000000e+01
8.200000000000000000e+01
7.800000000000000000e+01
9.100000000000000000e+01
1.040000000000000000e+02
1.210000000000000000e+02
1.510000000000000000e+02
1.910000000000000000e+02
2.300000000000000000e+02
2.800000000000000000e+02
2.900000000000000000e+02
2.990000000000000000e+02
2.910000000000000000e+02
2.830000000000000000e+02
1.350000000000000000e+02
1.230000000000000000e+02
1.250000000000000000e+02
1.290000000000000000e+02
1.400000000000000000e+02
1.450000000000000000e+02
1.310000000000000000e+02
1.260000000000000000e+02
1.240000000000000000e+02
1.360000000000000000e+02
1.460000000000000000e+02
1.430000000000000000e+02
3.790000000000000000e+02
3.500000000000000000e+02
3.380000000000000000e+02
3.410000000000000000e+02
3.390000000000000000e+02
3.520000000000000000e+02
3.820000000000000000e+02
4.010000000000000000e+02
4.080000000000000000e+02
4.070000000000000000e+02
4.060000000000000000e+02
4.000000000000000000e+02
3.760000000000000000e+02
3.640000000000000000e+02
3.630000000000000000e+02
3.650000000000000000e+02
3.810000000000000000e+02
3.870000000000000000e+02
3.800000000000000000e+02
3.860000000000000000e+02
