2.239600000000000000e+04
2.779200000000000000e+04
3.307400000000000000e+04
3.807700000000000000e+04
4.138200000000000000e+04
4.250600000000000000e+04
4.223400000000000000e+04
4.210100000000000000e+04
4.298600000000000000e+04
4.213200000000000000e+04
4.230700000000000000e+04
4.262700000000000000e+04
4.154700000000000000e+04
3.826800000000000000e+04
3.327700000000000000e+04
2.800300000000000000e+04
2.262100000000000000e+04
1.087700000000000000e+04
9.168000000000000000e+03
8.444000000000000000e+03
8.702000000000000000e+03
9.203000000000000000e+03
9.246000000000000000e+03
8.763000000000000000e+03
8.529000000000000000e+03
9.281000000000000000e+03
1.101600000000000000e+04
1.340700000000000000e+04
1.660300000000000000e+04
2.004900000000000000e+04
2.250800000000000000e+04
2.618800000000000000e+04
2.668200000000000000e+04
2.717500000000000000e+04
2.669300000000000000e+04
2.620900000000000000e+04
1.532500000000000000e+04
1.361100000000000000e+04
1.386600000000000000e+04
1.485700000000000000e+04
1.558900000000000000e+04
1.582600000000000000e+04
1.490800000000000000e+04
1.393100000000000000e+04
1.369400000000000000e+04
1.542400000000000000e+04
1.590700000000000000e+04
1.565200000000000000e+04
3.337500000000000000e+04
3.092600000000000000e+04
3.001400000000000000e+04
3.025000000000000000e+04
3.002100000000000000e+04
3.094900000000000000e+04
3.341300000000000000e+04
3.469900000000000000e+04
3.511900000000000000e+04
3.511500000000000000e+04
3.511000000000000000e+04
3.468000000000000000e+04
3.315800000000000000e+04
3.183800000000000000e+04
3.161800000000000000e+04
3.184900000000000000e+04
3.341200000000000000e+04
3.361700000000000000e+04
3.339500000000000000e+04
3.360800000000000000e+04