6.120000000000000000e+02
6.470000000000000000e+02
8.640000000000000000e+02
1.068000000000000000e+03
1.088000000000000000e+03
1.376000000000000000e+03
1.611000000000000000e+03
1.659000000000000000e+03
1.773000000000000000e+03
1.826000000000000000e+03
2.133000000000000000e+03
2.287000000000000000e+03
2.412000000000000000e+03
2.426000000000000000e+03
2.813000000000000000e+03
2.825000000000000000e+03
2.904000000000000000e+03
3.067000000000000000e+03
3.076000000000000000e+03
3.303000000000000000e+03
3.325000000000000000e+03
3.334000000000000000e+03
3.342000000000000000e+03
3.472000000000000000e+03
3.531000000000000000e+03
3.540000000000000000e+03
3.591000000000000000e+03
3.596000000000000000e+03
3.631000000000000000e+03
3.755000000000000000e+03
3.850000000000000000e+03
3.863000000000000000e+03
4.014000000000000000e+03
4.376000000000000000e+03
4.386000000000000000e+03
4.471000000000000000e+03
4.697000000000000000e+03
5.277000000000000000e+03
5.285000000000000000e+03
5.293000000000000000e+03
5.300000000000000000e+03
5.475000000000000000e+03
5.555000000000000000e+03
5.566000000000000000e+03
5.754000000000000000e+03
5.762000000000000000e+03
5.801000000000000000e+03
5.825000000000000000e+03
5.884000000000000000e+03
5.975000000000000000e+03
5.993000000000000000e+03
6.083000000000000000e+03
6.341000000000000000e+03
6.353000000000000000e+03
6.443000000000000000e+03
6.762000000000000000e+03
6.777000000000000000e+03
6.905000000000000000e+03
6.921000000000000000e+03
6.922000000000000000e+03
6.969000000000000000e+03
6.992000000000000000e+03
7.026000000000000000e+03
7.233000000000000000e+03
7.257000000000000000e+03
7.272000000000000000e+03
7.284000000000000000e+03
7.295000000000000000e+03
7.489000000000000000e+03
7.510000000000000000e+03
7.688000000000000000e+03
7.837000000000000000e+03
8.230000000000000000e+03
8.250000000000000000e+03
8.264000000000000000e+03
8.444000000000000000e+03
8.456000000000000000e+03
8.471000000000000000e+03
8.529000000000000000e+03
8.530000000000000000e+03
8.683000000000000000e+03
8.702000000000000000e+03
8.763000000000000000e+03
8.767000000000000000e+03
8.800000000000000000e+03
8.882000000000000000e+03
8.978000000000000000e+03
9.030000000000000000e+03
9.168000000000000000e+03
9.237000000000000000e+03
9.246000000000000000e+03
9.281000000000000000e+03
9.394000000000000000e+03
9.429000000000000000e+03
9.203000000000000000e+03
1.030600000000000000e+04
1.039500000000000000e+04
1.045900000000000000e+04
1.052800000000000000e+04
1.056400000000000000e+04
1.068900000000000000e+04
1.087700000000000000e+04
1.089500000000000000e+04
1.099800000000000000e+04
1.101600000000000000e+04
1.111100000000000000e+04
1.119300000000000000e+04
1.140400000000000000e+04
1.146700000000000000e+04
1.147900000000000000e+04
1.163900000000000000e+04
1.170400000000000000e+04
1.181900000000000000e+04
1.207600000000000000e+04
1.215000000000000000e+04
1.243300000000000000e+04
1.272500000000000000e+04
1.274700000000000000e+04
1.309900000000000000e+04
1.314000000000000000e+04
1.332300000000000000e+04
1.340700000000000000e+04
1.345600000000000000e+04
1.361100000000000000e+04
1.369400000000000000e+04
1.386600000000000000e+04
1.393100000000000000e+04
1.409000000000000000e+04
1.437400000000000000e+04
1.485700000000000000e+04
1.490100000000000000e+04
1.490800000000000000e+04
1.512800000000000000e+04
1.519000000000000000e+04
1.530900000000000000e+04
1.532500000000000000e+04
1.542400000000000000e+04
1.545400000000000000e+04
1.548600000000000000e+04
1.552800000000000000e+04
1.558900000000000000e+04
1.561200000000000000e+04
1.562700000000000000e+04
1.565200000000000000e+04
1.571800000000000000e+04
1.582600000000000000e+04
1.590700000000000000e+04
1.603000000000000000e+04
1.625800000000000000e+04
1.633800000000000000e+04
1.659900000000000000e+04
1.685100000000000000e+04
1.660800000000000000e+04
1.662200000000000000e+04
1.688000000000000000e+04
1.714800000000000000e+04
1.723000000000000000e+04
1.730800000000000000e+04
1.740600000000000000e+04
1.752200000000000000e+04
1.753300000000000000e+04
1.758800000000000000e+04
1.759300000000000000e+04
1.759800000000000000e+04
1.781000000000000000e+04
1.782400000000000000e+04
1.783100000000000000e+04
1.783600000000000000e+04
1.815700000000000000e+04
1.824700000000000000e+04
1.831900000000000000e+04
1.836400000000000000e+04
1.853100000000000000e+04
1.859600000000000000e+04
1.872600000000000000e+04
1.879900000000000000e+04
1.906400000000000000e+04
1.907000000000000000e+04
1.907500000000000000e+04
1.930700000000000000e+04
1.931200000000000000e+04
1.937100000000000000e+04
1.949300000000000000e+04
1.954400000000000000e+04
1.957500000000000000e+04
1.960900000000000000e+04
1.974600000000000000e+04
1.984500000000000000e+04
2.000200000000000000e+04
2.002300000000000000e+04
2.004100000000000000e+04
2.004900000000000000e+04
2.005500000000000000e+04
2.008000000000000000e+04
2.012100000000000000e+04
2.014700000000000000e+04
2.021800000000000000e+04
2.027400000000000000e+04
2.050500000000000000e+04
2.054000000000000000e+04
2.054200000000000000e+04
2.078300000000000000e+04
2.079900000000000000e+04
2.102900000000000000e+04
2.103400000000000000e+04
2.104000000000000000e+04
2.121800000000000000e+04
2.126300000000000000e+04
2.127000000000000000e+04
2.152400000000000000e+04
2.154300000000000000e+04
2.156000000000000000e+04
2.163100000000000000e+04
2.174600000000000000e+04
2.181700000000000000e+04
2.182300000000000000e+04
2.183000000000000000e+04
2.194400000000000000e+04
2.196700000000000000e+04
2.197800000000000000e+04
2.201300000000000000e+04
2.201800000000000000e+04
2.204000000000000000e+04
2.208700000000000000e+04
2.226900000000000000e+04
2.227500000000000000e+04
2.234000000000000000e+04
2.239600000000000000e+04
2.240500000000000000e+04
2.249900000000000000e+04
2.250900000000000000e+04
2.262100000000000000e+04
2.269700000000000000e+04
2.275000000000000000e+04
2.275700000000000000e+04
2.284000000000000000e+04
2.291200000000000000e+04
2.296800000000000000e+04
2.302900000000000000e+04
2.323800000000000000e+04
2.325300000000000000e+04
2.326400000000000000e+04
2.345100000000000000e+04
2.347000000000000000e+04
2.347400000000000000e+04
2.349200000000000000e+04
2.353100000000000000e+04
2.353900000000000000e+04
2.366900000000000000e+04
2.368900000000000000e+04
2.373100000000000000e+04
2.374100000000000000e+04
2.380600000000000000e+04
2.392900000000000000e+04
2.397900000000000000e+04
2.403700000000000000e+04
2.424200000000000000e+04
2.432500000000000000e+04
2.444100000000000000e+04
2.447600000000000000e+04
2.447800000000000000e+04
2.448400000000000000e+04
2.450800000000000000e+04
2.470800000000000000e+04
2.471300000000000000e+04
2.471800000000000000e+04
2.494700000000000000e+04
2.517100000000000000e+04
2.518500000000000000e+04
2.524100000000000000e+04
2.525600000000000000e+04
2.539400000000000000e+04
2.546900000000000000e+04
2.552500000000000000e+04
2.565700000000000000e+04
2.570200000000000000e+04
2.575300000000000000e+04
2.595500000000000000e+04
2.596600000000000000e+04
2.614300000000000000e+04
2.618800000000000000e+04
2.619800000000000000e+04
2.620400000000000000e+04
2.620900000000000000e+04
2.623300000000000000e+04
2.625200000000000000e+04
2.629900000000000000e+04
2.640700000000000000e+04
2.651400000000000000e+04
2.668000000000000000e+04
2.668200000000000000e+04
2.669300000000000000e+04
2.671500000000000000e+04
2.686700000000000000e+04
2.690000000000000000e+04
2.694900000000000000e+04
2.699400000000000000e+04
2.713000000000000000e+04
2.714800000000000000e+04
2.717500000000000000e+04
2.719800000000000000e+04
2.732000000000000000e+04
2.745800000000000000e+04
2.763800000000000000e+04
2.764700000000000000e+04
2.766400000000000000e+04
2.766900000000000000e+04
2.779200000000000000e+04
2.784700000000000000e+04
2.789300000000000000e+04
2.794600000000000000e+04
2.797700000000000000e+04
2.800300000000000000e+04
2.829300000000000000e+04
2.831200000000000000e+04
2.833500000000000000e+04
2.837500000000000000e+04
2.841200000000000000e+04
2.860200000000000000e+04
2.862500000000000000e+04
2.866800000000000000e+04
2.905100000000000000e+04
2.906200000000000000e+04
2.909000000000000000e+04
2.910400000000000000e+04
2.910900000000000000e+04
2.911500000000000000e+04
2.927300000000000000e+04
2.929000000000000000e+04
2.931400000000000000e+04
2.931900000000000000e+04
2.933000000000000000e+04
2.936100000000000000e+04
2.940500000000000000e+04
2.961800000000000000e+04
2.972500000000000000e+04
2.977500000000000000e+04
2.996600000000000000e+04
3.001400000000000000e+04
3.002100000000000000e+04
3.002300000000000000e+04
3.025000000000000000e+04
3.026600000000000000e+04
3.029900000000000000e+04
3.043900000000000000e+04
3.046100000000000000e+04
3.051700000000000000e+04
3.071400000000000000e+04
3.086000000000000000e+04
3.091400000000000000e+04
3.092600000000000000e+04
3.093200000000000000e+04
3.094900000000000000e+04
3.107400000000000000e+04
3.110600000000000000e+04
3.119100000000000000e+04
3.119800000000000000e+04
3.122300000000000000e+04
3.134500000000000000e+04
3.135600000000000000e+04
3.136200000000000000e+04
3.143500000000000000e+04
3.148400000000000000e+04
3.161800000000000000e+04
3.183800000000000000e+04
3.184900000000000000e+04
3.186400000000000000e+04
3.225100000000000000e+04
3.232900000000000000e+04
3.245600000000000000e+04
3.256400000000000000e+04
3.258300000000000000e+04
3.266400000000000000e+04
3.307400000000000000e+04
3.314100000000000000e+04
3.315200000000000000e+04
3.315800000000000000e+04
3.320800000000000000e+04
3.327700000000000000e+04
3.337500000000000000e+04
3.339500000000000000e+04
3.341200000000000000e+04
3.341300000000000000e+04
3.355700000000000000e+04
3.356600000000000000e+04
3.358300000000000000e+04
3.360800000000000000e+04
3.361700000000000000e+04
3.364000000000000000e+04
3.365700000000000000e+04
3.367200000000000000e+04
3.390700000000000000e+04
3.396100000000000000e+04
3.404600000000000000e+04
3.425700000000000000e+04
3.426600000000000000e+04
3.443500000000000000e+04
3.451300000000000000e+04
3.465600000000000000e+04
3.467300000000000000e+04
3.468000000000000000e+04
3.469900000000000000e+04
3.472000000000000000e+04
3.484900000000000000e+04
3.495500000000000000e+04
3.508600000000000000e+04
3.511000000000000000e+04
3.511500000000000000e+04
3.511900000000000000e+04
3.514000000000000000e+04
3.530200000000000000e+04
3.534600000000000000e+04
3.541000000000000000e+04
3.552700000000000000e+04
3.554700000000000000e+04
3.569900000000000000e+04
3.578900000000000000e+04
3.594800000000000000e+04
3.612100000000000000e+04
3.616600000000000000e+04
3.619600000000000000e+04
3.630300000000000000e+04
3.635100000000000000e+04
3.637800000000000000e+04
3.642700000000000000e+04
3.653800000000000000e+04
3.654400000000000000e+04
3.655000000000000000e+04
3.656100000000000000e+04
3.657100000000000000e+04
3.658800000000000000e+04
3.659500000000000000e+04
3.660100000000000000e+04
3.697200000000000000e+04
3.710200000000000000e+04
3.712600000000000000e+04
3.718400000000000000e+04
3.718800000000000000e+04
3.723200000000000000e+04
3.739500000000000000e+04
3.756400000000000000e+04
3.757100000000000000e+04
3.773400000000000000e+04
3.774300000000000000e+04
3.775100000000000000e+04
3.775700000000000000e+04
3.780100000000000000e+04
3.780700000000000000e+04
3.781500000000000000e+04
3.782300000000000000e+04
3.797600000000000000e+04
3.807700000000000000e+04
3.826800000000000000e+04
3.835600000000000000e+04
3.836200000000000000e+04
3.837200000000000000e+04
3.857000000000000000e+04
3.857600000000000000e+04
3.863000000000000000e+04
3.873500000000000000e+04
3.887600000000000000e+04
3.891900000000000000e+04
3.896700000000000000e+04
3.910100000000000000e+04
3.916500000000000000e+04
3.928000000000000000e+04
3.931700000000000000e+04
3.932200000000000000e+04
3.932700000000000000e+04
3.933200000000000000e+04
3.936300000000000000e+04
3.945600000000000000e+04
3.949800000000000000e+04
3.956200000000000000e+04
3.971400000000000000e+04
3.986100000000000000e+04
4.021600000000000000e+04
4.023900000000000000e+04
4.025000000000000000e+04
4.027200000000000000e+04
4.042200000000000000e+04
4.042500000000000000e+04
4.058800000000000000e+04
4.061200000000000000e+04
4.073700000000000000e+04
4.081500000000000000e+04
4.110200000000000000e+04
4.114500000000000000e+04
4.129000000000000000e+04
4.130200000000000000e+04
4.138200000000000000e+04
4.154700000000000000e+04
4.197400000000000000e+04
4.210100000000000000e+04
4.213200000000000000e+04
4.223400000000000000e+04
4.230700000000000000e+04
4.250600000000000000e+04
4.262700000000000000e+04
4.298600000000000000e+04
