2.400000000000000000e+02
3.140000000000000000e+02
3.880000000000000000e+02
4.690000000000000000e+02
5.100000000000000000e+02
5.170000000000000000e+02
5.150000000000000000e+02
5.130000000000000000e+02
5.190000000000000000e+02
5.140000000000000000e+02
5.160000000000000000e+02
5.180000000000000000e+02
5.110000000000000000e+02
4.700000000000000000e+02
3.920000000000000000e+02
3.180000000000000000e+02
2.440000000000000000e+02
1.200000000000000000e+02
9.800000000000000000e+01
8.700000000000000000e+01
9.000000000000000000e+01
9.900000000000000000e+01
1.000000000000000000e+02
9.500000000000000000e+01
8.900000000000000000e+01
1.010000000000000000e+02
1.230000000000000000e+02
1.420000000000000000e+02
1.880000000000000000e+02
2.170000000000000000e+02
2.420000000000000000e+02
2.920000000000000000e+02
2.990000000000000000e+02
3.080000000000000000e+02
3.000000000000000000e+02
2.930000000000000000e+02
1.660000000000000000e+02
1.440000000000000000e+02
1.470000000000000000e+02
1.580000000000000000e+02
1.710000000000000000e+02
1.760000000000000000e+02
1.600000000000000000e+02
1.500000000000000000e+02
1.460000000000000000e+02
1.690000000000000000e+02
1.790000000000000000e+02
1.720000000000000000e+02
3.940000000000000000e+02
3.600000000000000000e+02
3.480000000000000000e+02
3.530000000000000000e+02
3.490000000000000000e+02
3.610000000000000000e+02
3.970000000000000000e+02
4.170000000000000000e+02
4.260000000000000000e+02
4.250000000000000000e+02
4.240000000000000000e+02
4.140000000000000000e+02
3.900000000000000000e+02
3.750000000000000000e+02
3.740000000000000000e+02
3.760000000000000000e+02
3.960000000000000000e+02
4.020000000000000000e+02
3.950000000000000000e+02
4.010000000000000000e+02
