4.620000000000000000e+02
5.290000000000000000e+02
5.440000000000000000e+02
5.590000000000000000e+02
5.730000000000000000e+02
6.080000000000000000e+02
6.410000000000000000e+02
6.740000000000000000e+02
6.890000000000000000e+02
7.070000000000000000e+02
7.590000000000000000e+02
7.760000000000000000e+02
8.290000000000000000e+02
8.360000000000000000e+02
8.460000000000000000e+02
8.630000000000000000e+02
8.720000000000000000e+02
8.790000000000000000e+02
8.960000000000000000e+02
1.399000000000000000e+03
1.978000000000000000e+03
2.306000000000000000e+03
2.348000000000000000e+03
2.451000000000000000e+03
2.585000000000000000e+03
2.600000000000000000e+03
2.606000000000000000e+03
2.638000000000000000e+03
2.798000000000000000e+03
2.806000000000000000e+03
2.814000000000000000e+03
2.822000000000000000e+03
2.859000000000000000e+03
3.021000000000000000e+03
3.033000000000000000e+03
3.116000000000000000e+03
3.256000000000000000e+03
3.387000000000000000e+03
3.489000000000000000e+03
3.538000000000000000e+03
3.580000000000000000e+03
3.599000000000000000e+03
3.647000000000000000e+03
4.153000000000000000e+03
4.461000000000000000e+03
4.783000000000000000e+03
4.791000000000000000e+03
4.798000000000000000e+03
4.803000000000000000e+03
4.902000000000000000e+03
5.014000000000000000e+03
5.022000000000000000e+03
5.056000000000000000e+03
5.063000000000000000e+03
5.250000000000000000e+03
5.436000000000000000e+03
5.486000000000000000e+03
5.536000000000000000e+03
5.560000000000000000e+03
5.817000000000000000e+03
5.969000000000000000e+03
6.011000000000000000e+03
6.045000000000000000e+03
6.075000000000000000e+03
6.575000000000000000e+03
6.701000000000000000e+03
6.735000000000000000e+03
6.737000000000000000e+03
6.744000000000000000e+03
6.750000000000000000e+03
6.759000000000000000e+03
6.765000000000000000e+03
6.769000000000000000e+03
6.965000000000000000e+03
7.076000000000000000e+03
7.222000000000000000e+03
7.267000000000000000e+03
7.273000000000000000e+03
7.290000000000000000e+03
7.524000000000000000e+03
7.547000000000000000e+03
7.621000000000000000e+03
7.629000000000000000e+03
7.679000000000000000e+03
8.188000000000000000e+03
8.317000000000000000e+03
8.411000000000000000e+03
8.444000000000000000e+03
8.487000000000000000e+03
8.529000000000000000e+03
8.702000000000000000e+03
8.720000000000000000e+03
8.726000000000000000e+03
8.737000000000000000e+03
8.741000000000000000e+03
8.764000000000000000e+03
8.782000000000000000e+03
8.993000000000000000e+03
9.168000000000000000e+03
9.203000000000000000e+03
9.246000000000000000e+03
9.281000000000000000e+03
9.333000000000000000e+03
9.423000000000000000e+03
9.609000000000000000e+03
9.653000000000000000e+03
9.878000000000000000e+03
9.991000000000000000e+03
1.000100000000000000e+04
1.016800000000000000e+04
1.017600000000000000e+04
1.019600000000000000e+04
1.020200000000000000e+04
1.021600000000000000e+04
1.029600000000000000e+04
1.045400000000000000e+04
1.046600000000000000e+04
1.049900000000000000e+04
1.051800000000000000e+04
1.065000000000000000e+04
1.087700000000000000e+04
1.087900000000000000e+04
1.099800000000000000e+04
1.101600000000000000e+04
1.187300000000000000e+04
1.189100000000000000e+04
1.190200000000000000e+04
1.191400000000000000e+04
1.192200000000000000e+04
1.193100000000000000e+04
1.194000000000000000e+04
1.219500000000000000e+04
1.221700000000000000e+04
1.223300000000000000e+04
1.224800000000000000e+04
1.237300000000000000e+04
1.245500000000000000e+04
1.247000000000000000e+04
1.257700000000000000e+04
1.283000000000000000e+04
1.325300000000000000e+04
1.333000000000000000e+04
1.340700000000000000e+04
1.344400000000000000e+04
1.361100000000000000e+04
1.361600000000000000e+04
1.369400000000000000e+04
1.386600000000000000e+04
1.388400000000000000e+04
1.391100000000000000e+04
1.393100000000000000e+04
1.407700000000000000e+04
1.408600000000000000e+04
1.411600000000000000e+04
1.417200000000000000e+04
1.434500000000000000e+04
1.443500000000000000e+04
1.444900000000000000e+04
1.485700000000000000e+04
1.488200000000000000e+04
1.490800000000000000e+04
1.499000000000000000e+04
1.502200000000000000e+04
1.510600000000000000e+04
1.514900000000000000e+04
1.525700000000000000e+04
1.532500000000000000e+04
1.534600000000000000e+04
1.540200000000000000e+04
1.542400000000000000e+04
1.549200000000000000e+04
1.558900000000000000e+04
1.565200000000000000e+04
1.570300000000000000e+04
1.577600000000000000e+04
1.582100000000000000e+04
1.582600000000000000e+04
1.583100000000000000e+04
1.585300000000000000e+04
1.590700000000000000e+04
1.591100000000000000e+04
1.603000000000000000e+04
1.603700000000000000e+04
1.612500000000000000e+04
1.614900000000000000e+04
1.618800000000000000e+04
1.635200000000000000e+04
1.636500000000000000e+04
1.660400000000000000e+04
1.702600000000000000e+04
1.706200000000000000e+04
1.711900000000000000e+04
1.729600000000000000e+04
1.731700000000000000e+04
1.738900000000000000e+04
1.762600000000000000e+04
1.767800000000000000e+04
1.783400000000000000e+04
1.807500000000000000e+04
1.826500000000000000e+04
1.831500000000000000e+04
1.833200000000000000e+04
1.833700000000000000e+04
1.838800000000000000e+04
1.855300000000000000e+04
1.859100000000000000e+04
1.865500000000000000e+04
1.927800000000000000e+04
1.934200000000000000e+04
1.966000000000000000e+04
1.972100000000000000e+04
1.973400000000000000e+04
1.987700000000000000e+04
1.996000000000000000e+04
1.997400000000000000e+04
2.000200000000000000e+04
2.004200000000000000e+04
2.004800000000000000e+04
2.009400000000000000e+04
2.029900000000000000e+04
2.030500000000000000e+04
2.043900000000000000e+04
2.052700000000000000e+04
2.062800000000000000e+04
2.072800000000000000e+04
2.084500000000000000e+04
2.121300000000000000e+04
2.125700000000000000e+04
2.130000000000000000e+04
2.131500000000000000e+04
2.148700000000000000e+04
2.172200000000000000e+04
2.176600000000000000e+04
2.177000000000000000e+04
2.177400000000000000e+04
2.181800000000000000e+04
2.194400000000000000e+04
2.208800000000000000e+04
2.234100000000000000e+04
2.236300000000000000e+04
2.239600000000000000e+04
2.249800000000000000e+04
2.250800000000000000e+04
2.251700000000000000e+04
2.262100000000000000e+04
2.269800000000000000e+04
2.281000000000000000e+04
2.284100000000000000e+04
2.297000000000000000e+04
2.303000000000000000e+04
2.318500000000000000e+04
2.320600000000000000e+04
2.326600000000000000e+04
2.347200000000000000e+04
2.348800000000000000e+04
2.349500000000000000e+04
2.353200000000000000e+04
2.365400000000000000e+04
2.366100000000000000e+04
2.367000000000000000e+04
2.369100000000000000e+04
2.373700000000000000e+04
2.378600000000000000e+04
2.380700000000000000e+04
2.393000000000000000e+04
2.399300000000000000e+04
2.403800000000000000e+04
2.422100000000000000e+04
2.430800000000000000e+04
2.450900000000000000e+04
2.468900000000000000e+04
2.470400000000000000e+04
2.490700000000000000e+04
2.497000000000000000e+04
2.498700000000000000e+04
2.511700000000000000e+04
2.517200000000000000e+04
2.518700000000000000e+04
2.521100000000000000e+04
2.524200000000000000e+04
2.525700000000000000e+04
2.531200000000000000e+04
2.538500000000000000e+04
2.539400000000000000e+04
2.552600000000000000e+04
2.554400000000000000e+04
2.565800000000000000e+04
2.575400000000000000e+04
2.595100000000000000e+04
2.614400000000000000e+04
2.616300000000000000e+04
2.618100000000000000e+04
2.618800000000000000e+04
2.620900000000000000e+04
2.621500000000000000e+04
2.625300000000000000e+04
2.627300000000000000e+04
2.636100000000000000e+04
2.647900000000000000e+04
2.668200000000000000e+04
2.669300000000000000e+04
2.686800000000000000e+04
2.690100000000000000e+04
2.696100000000000000e+04
2.699400000000000000e+04
2.713100000000000000e+04
2.714900000000000000e+04
2.716000000000000000e+04
2.717500000000000000e+04
2.718800000000000000e+04
2.744100000000000000e+04
2.746000000000000000e+04
2.756200000000000000e+04
2.758700000000000000e+04
2.779200000000000000e+04
2.784800000000000000e+04
2.794600000000000000e+04
2.799100000000000000e+04
2.800300000000000000e+04
2.812600000000000000e+04
2.813500000000000000e+04
2.814600000000000000e+04
2.831300000000000000e+04
2.833600000000000000e+04
2.841300000000000000e+04
2.843600000000000000e+04
2.844500000000000000e+04
2.845600000000000000e+04
2.853400000000000000e+04
2.862900000000000000e+04
2.879200000000000000e+04
2.881700000000000000e+04
2.883300000000000000e+04
2.884200000000000000e+04
2.885400000000000000e+04
2.904100000000000000e+04
2.905800000000000000e+04
2.906300000000000000e+04
2.908200000000000000e+04
2.908600000000000000e+04
2.910500000000000000e+04
2.911600000000000000e+04
2.934500000000000000e+04
2.936200000000000000e+04
2.972600000000000000e+04
2.984500000000000000e+04
2.994900000000000000e+04
2.996700000000000000e+04
3.001400000000000000e+04
3.002100000000000000e+04
3.006700000000000000e+04
3.021000000000000000e+04
3.023300000000000000e+04
3.025000000000000000e+04
3.026500000000000000e+04
3.051800000000000000e+04
3.061800000000000000e+04
3.080000000000000000e+04
3.086200000000000000e+04
3.091600000000000000e+04
3.092600000000000000e+04
3.094900000000000000e+04
3.095800000000000000e+04
3.100200000000000000e+04
3.101300000000000000e+04
3.110700000000000000e+04
3.113100000000000000e+04
3.113800000000000000e+04
3.122300000000000000e+04
3.134600000000000000e+04
3.141800000000000000e+04
3.142500000000000000e+04
3.143600000000000000e+04
3.155200000000000000e+04
3.161800000000000000e+04
3.183800000000000000e+04
3.184900000000000000e+04
3.225200000000000000e+04
3.227500000000000000e+04
3.230800000000000000e+04
3.233100000000000000e+04
3.246200000000000000e+04
3.256500000000000000e+04
3.258300000000000000e+04
3.266400000000000000e+04
3.282100000000000000e+04
3.286900000000000000e+04
3.292200000000000000e+04
3.307400000000000000e+04
3.315300000000000000e+04
3.315800000000000000e+04
3.320900000000000000e+04
3.327700000000000000e+04
3.334900000000000000e+04
3.337500000000000000e+04
3.339500000000000000e+04
3.341200000000000000e+04
3.341300000000000000e+04
3.341700000000000000e+04
3.355200000000000000e+04
3.358400000000000000e+04
3.360800000000000000e+04
3.361700000000000000e+04
3.365800000000000000e+04
3.385800000000000000e+04
3.389000000000000000e+04
3.427100000000000000e+04
3.439400000000000000e+04
3.440700000000000000e+04
3.443600000000000000e+04
3.451500000000000000e+04
3.454100000000000000e+04
3.465700000000000000e+04
3.467400000000000000e+04
3.468000000000000000e+04
3.468600000000000000e+04
3.469300000000000000e+04
3.469900000000000000e+04
3.470400000000000000e+04
3.485000000000000000e+04
3.493400000000000000e+04
3.495500000000000000e+04
3.498200000000000000e+04
3.508700000000000000e+04
3.511000000000000000e+04
3.511500000000000000e+04
3.511900000000000000e+04
3.514100000000000000e+04
3.530300000000000000e+04
3.534700000000000000e+04
3.549000000000000000e+04
3.578900000000000000e+04
3.594800000000000000e+04
3.595700000000000000e+04
3.596100000000000000e+04
3.612100000000000000e+04
3.615100000000000000e+04
3.619700000000000000e+04
3.630300000000000000e+04
3.633500000000000000e+04
3.634000000000000000e+04
3.635200000000000000e+04
3.636600000000000000e+04
3.637900000000000000e+04
3.642700000000000000e+04
3.649300000000000000e+04
3.655200000000000000e+04
3.658900000000000000e+04
3.659500000000000000e+04
3.660100000000000000e+04
3.684900000000000000e+04
3.712700000000000000e+04
3.717500000000000000e+04
3.718400000000000000e+04
3.723200000000000000e+04
3.737100000000000000e+04
3.739000000000000000e+04
3.754500000000000000e+04
3.755800000000000000e+04
3.756500000000000000e+04
3.759600000000000000e+04
3.760300000000000000e+04
3.773500000000000000e+04
3.775100000000000000e+04
3.780700000000000000e+04
3.781500000000000000e+04
3.782400000000000000e+04
3.790800000000000000e+04
3.797700000000000000e+04
3.807700000000000000e+04
3.826800000000000000e+04
3.836300000000000000e+04
3.837200000000000000e+04
3.854300000000000000e+04
3.855000000000000000e+04
3.857100000000000000e+04
3.857700000000000000e+04
3.863000000000000000e+04
3.891900000000000000e+04
3.896800000000000000e+04
3.907100000000000000e+04
3.910100000000000000e+04
3.916600000000000000e+04
3.928100000000000000e+04
3.931800000000000000e+04
3.932800000000000000e+04
3.936400000000000000e+04
3.945600000000000000e+04
3.949800000000000000e+04
3.951000000000000000e+04
3.952100000000000000e+04
3.956200000000000000e+04
3.967700000000000000e+04
3.971400000000000000e+04
3.994200000000000000e+04
4.003600000000000000e+04
4.025000000000000000e+04
4.027200000000000000e+04
4.041200000000000000e+04
4.041800000000000000e+04
4.042600000000000000e+04
4.060100000000000000e+04
4.073700000000000000e+04
4.078800000000000000e+04
4.081600000000000000e+04
4.096300000000000000e+04
4.110400000000000000e+04
4.114500000000000000e+04
4.129000000000000000e+04
4.130200000000000000e+04
4.138200000000000000e+04
4.154700000000000000e+04
4.163200000000000000e+04
4.210100000000000000e+04
4.213200000000000000e+04
4.223400000000000000e+04
4.230700000000000000e+04
4.250600000000000000e+04
4.262700000000000000e+04
4.298600000000000000e+04
